0	1.25	0
0	1.15665625	0.3285825
-0.3125	1.15665625	0.1015375
-0.19313625	1.15665625	-0.26582875
0.193135	1.15665625	-0.26582875
0.3125	1.15665625	0.101537375
0	1.06331375	0.65716375
-0.3125	1.06331375	0.43011875
-0.625	1.06331375	0.203075
-0.50563625	1.06331375	-0.16429125
-0.38627125	1.06331375	-0.53165625
0	1.06331375	-0.53165625
0.38627125	1.06331375	-0.53165625
0.505635	1.06331375	-0.16429125
0.625	1.06331375	0.203075
0.3125	1.06331375	0.43011875
0	0.811165	0.88759875
-0.3125	0.86023875	0.75870125
-0.625	0.86023875	0.53165625
-0.84415625	0.811165	0.27428375
-0.818135	0.86023875	-0.0627535
-0.69877125	0.86023875	-0.43011875
-0.5217175	0.811165	-0.7180825
-0.19313625	0.86023875	-0.797485
0.193135	0.86023875	-0.797485
0.5217175	0.811165	-0.7180825
0.69877125	0.86023875	-0.43012
0.818135	0.86023875	-0.062753625
0.84415625	0.811165	0.2742825
0.625	0.86023875	0.53165625
0.3125	0.86023875	0.75870125
0	0.5590175	1.11803375
-0.3125	0.60809	0.98913625
-0.625	0.65716375	0.86023875
-0.84415625	0.60809	0.602865
-1.06331375	0.5590175	0.34549125
-1.0372925	0.60809	0.008454925
-1.01127125	0.65716375	-0.32858125
-0.8342175	0.60809	-0.616545
-0.65716375	0.5590175	-0.90450875
-0.3285825	0.60809	-0.98391125
0	0.65716375	-1.06331375
0.32858125	0.60809	-0.98391125
0.65716375	0.5590175	-0.90450875
0.8342175	0.60809	-0.616545
1.01127125	0.65716375	-0.3285825
1.0372925	0.60809	0.008454737
1.06331375	0.5590175	0.34549125
0.84415625	0.60809	0.602865
0.625	0.65716375	0.86023875
0.3125	0.60809	0.98913625
-0.193135	0.27950875	1.1534275
-0.505635	0.3285825	1.02453
-0.818135	0.3285825	0.797485
-1.0372925	0.27950875	0.54011125
-1.15665625	0.27950875	0.17274625
-1.130635	0.3285825	-0.16429125
-1.01127125	0.3285825	-0.53165625
-0.8342175	0.27950875	-0.81962
-0.5217175	0.27950875	-1.046665
-0.19313625	0.3285825	-1.1260675
0.193135	0.3285825	-1.1260675
0.5217175	0.27950875	-1.046665
0.8342175	0.27950875	-0.81962
1.01127125	0.3285825	-0.53165625
1.130635	0.3285825	-0.16429125
1.15665625	0.27950875	0.17274625
1.0372925	0.27950875	0.54011125
0.818135	0.3285825	0.797485
0.505635	0.3285825	1.02453
0.193135	0.27950875	1.1534275
0	0	1.18882125
-0.38627125	0	1.18882125
-0.69877125	0	0.96177625
-1.01127125	0	0.73473125
-1.130635	0	0.36736625
-1.25	0	0
-1.130635	0	-0.36736625
-1.01127125	0	-0.73473125
-0.69877125	0	-0.96177625
-0.38627125	0	-1.18882
0	0	-1.18882
0.38627125	0	-1.18882
0.69877125	0	-0.96177625
1.01127125	0	-0.73473125
1.130635	0	-0.36736625
1.25	0	0
1.130635	0	0.36736625
1.01127125	0	0.73473125
0.69877125	0	0.96177625
0.38627125	0	1.18882
-0.193135	-0.3285825	1.1260675
-0.5217175	-0.27950875	1.046665
-0.8342175	-0.27950875	0.81962
-1.01127125	-0.3285825	0.5316575
-1.130635	-0.3285825	0.16429125
-1.15665625	-0.27950875	-0.17274625
-1.0372925	-0.27950875	-0.54011125
-0.81813625	-0.3285825	-0.797485
-0.50563625	-0.3285825	-1.02453
-0.19313625	-0.27950875	-1.1534275
0.193135	-0.27950875	-1.1534275
0.505635	-0.3285825	-1.02453
0.818135	-0.3285825	-0.797485
1.0372925	-0.27950875	-0.54011125
1.15665625	-0.27950875	-0.17274625
1.130635	-0.3285825	0.16429125
1.01127125	-0.3285825	0.53165625
0.8342175	-0.27950875	0.81962
0.5217175	-0.27950875	1.046665
0.19313625	-0.3285825	1.1260675
1.666E-07	-0.65716375	1.06331375
-0.32858125	-0.60809	0.98391125
-0.65716375	-0.5590175	0.90450875
-0.8342175	-0.60809	0.616545
-1.01127125	-0.65716375	0.3285825
-1.0372925	-0.60809	-0.008454775
-1.06331375	-0.5590175	-0.34549125
-0.84415625	-0.60809	-0.602865
-0.625	-0.65716375	-0.86023875
-0.3125	-0.60809	-0.98913625
0	-0.5590175	-1.11803375
0.3125	-0.60809	-0.98913625
0.625	-0.65716375	-0.86023875
0.84415625	-0.60809	-0.602865
1.06331375	-0.5590175	-0.34549125
1.0372925	-0.60809	-0.008454813
1.01127125	-0.65716375	0.3285825
0.8342175	-0.60809	0.616545
0.65716375	-0.5590175	0.90450875
0.3285825	-0.60809	0.98391125
-0.193135	-0.86023875	0.797485
-0.5217175	-0.811165	0.7180825
-0.69877125	-0.86023875	0.43012
-0.818135	-0.86023875	0.062753625
-0.84415625	-0.811165	-0.27428375
-0.625	-0.86023875	-0.53165625
-0.3125	-0.86023875	-0.75870125
0	-0.811165	-0.88759875
0.3125	-0.86023875	-0.75870125
0.625	-0.86023875	-0.53165625
0.84415625	-0.811165	-0.27428375
0.818135	-0.86023875	0.0627535
0.69877125	-0.86023875	0.43011875
0.5217175	-0.811165	0.7180825
0.19313625	-0.86023875	0.797485
0	-1.06331375	0.53165625
-0.38627125	-1.06331375	0.5316575
-0.505635	-1.06331375	0.16429125
-0.625	-1.06331375	-0.203075
-0.3125	-1.06331375	-0.43011875
0	-1.06331375	-0.65716375
0.3125	-1.06331375	-0.43011875
0.625	-1.06331375	-0.203075
0.505635	-1.06331375	0.16429125
0.38627125	-1.06331375	0.53165625
-0.193135	-1.15665625	0.26582875
0.3125	-1.15665625	-0.101537375
0	-1.15665625	-0.3285825
-0.3125	-1.15665625	-0.1015375
0.193135	-1.15665625	0.26582875
0	-1.25	0